#Code Name: qra15_65_64_irr_e23
#ChannelType (0=AWGN,1=Rayleigh,2=Fast-Fading)
#Eb/No (dB)
#Transmitted Codewords
#Errors
#CRC Errors
#Undetected
#Avg dec. time (ms)
#WER
#UER
2 -30.00    106    106      0      0   4.87 1.00e+000 0.00e+000
2   0.50   1006   1006      0      0   4.91 1.00e+000 0.00e+000
2   1.00   1007   1006      0      0   4.98 9.99e-001 0.00e+000
2   1.50   1009   1007      0      0   4.97 9.98e-001 0.00e+000
2   2.00   1017   1007      1      0   4.84 9.90e-001 2.40e-007
2   2.50   1047   1006      1      0   4.79 9.61e-001 2.33e-007
2   3.00   1148   1006      3      0   4.61 8.76e-001 6.38e-007
2   3.50   1338   1006      6      0   4.43 7.52e-001 1.10e-006
2   4.00   1902   1006      7      0   3.94 5.29e-001 8.99e-007
