 SNR  Files  Sync    BM    FT  Hint Total  False BadSync
--------------------------------------------------------
-18.0  1000  1000  1000  1000  1000  1000     0     0
-18.5  1000  1000  1000  1000  1000  1000     0     0
-19.0  1000  1000  1000  1000  1000  1000     0     0
-19.5  1000  1000  1000  1000  1000  1000     0     0
-20.0  1000  1000  1000  1000  1000  1000     0     0
-20.5  1000  1000  1000  1000  1000  1000     0     0
-21.0  1000  1000  1000  1000  1000  1000     0     0
-21.5  1000  1000   991  1000  1000  1000     0     0
-22.0  1000  1000   918  1000  1000  1000     0     0
-22.5  1000  1000   631  1000  1000  1000     0     0
-23.0  1000  1000   261  1000  1000  1000     0     0
-23.5  1000  1000    57   990  1000  1000     0     0
-24.0  1000  1000     0   925  1000  1000     0     0
-24.5  1000  1000     0   737   999   999     1     0
-25.0  1000   999     0   445   989   989    10     1
-25.5  1000   996     0   191   988   988     8     4
-26.0  1000   980     0    68   975   975     7    20
-26.5  1000   953     0    18   945   945     7    47
-27.0  1000   904     0     3   890   890     8    96
-27.5  1000   816     0     2   771   771     8   184
-28.0  1000   722     0     0   625   625     4   278
-28.5  1000   590     0     0   432   432     8   410
-29.0  1000   451     0     0   268   268     8   549
-29.5  1000   355     0     0   146   146     8   645
-30.0  1000   277     0     0    86    86     6   723
