64
16
48
14
5
3 1 3 6 1 4 1 1 1 1 2 1 1 1 1 6 6 2 2 1 1 2 2 1 2 6 2 6 1 1 2 1 1 6 3 2 6 2 1 1 6 1 1 2 1 1 1 7 1 2 3 4 5 6 7 8 9 10 11 12 13 14 15 16 
4 2 4 9 3 6 2 2 3 2 4 2 3 3 3 7 9 6 4 3 2 6 6 2 4 9 6 7 2 2 4 3 3 7 4 4 7 4 3 3 7 2 2 6 3 2 2 8 0 0 0 0 0 0 0 0 0 0 0 0 0 0 0 0 
6 3 6 10 4 9 4 4 4 4 5 4 4 4 4 8 10 8 5 4 3 7 7 4 6 13 9 9 4 4 5 4 4 8 6 5 8 5 4 4 9 4 4 8 4 3 4 9 0 0 0 0 0 0 0 0 0 0 0 0 0 0 0 0 
7 4 12 12 6 12 5 5 6 5 6 5 5 6 6 9 11 9 6 5 4 11 9 5 7 0 10 10 5 5 6 6 5 9 8 6 11 6 5 5 11 5 5 9 6 4 5 10 0 0 0 0 0 0 0 0 0 0 0 0 0 0 0 0 
9 5 16 15 9 15 6 6 7 6 7 6 6 9 7 10 12 11 8 6 5 13 13 6 8 0 11 11 6 6 9 8 6 11 11 8 12 7 6 6 13 6 6 12 10 5 6 11 0 0 0 0 0 0 0 0 0 0 0 0 0 0 0 0 
10 6 0 16 11 16 8 7 9 8 8 7 7 12 8 11 13 13 9 11 6 14 14 8 9 0 13 12 8 9 11 9 7 12 12 10 13 8 8 7 0 8 7 15 12 6 8 12 0 0 0 0 0 0 0 0 0 0 0 0 0 0 0 0 
13 8 0 0 13 0 10 8 13 9 10 10 9 13 9 12 14 15 11 13 7 16 16 9 13 0 15 13 10 11 16 11 11 13 16 12 14 9 11 10 0 9 11 0 13 12 9 13 0 0 0 0 0 0 0 0 0 0 0 0 0 0 0 0 
15 12 0 0 14 0 11 10 15 11 12 11 10 15 11 13 15 0 13 14 12 0 0 12 14 0 0 14 14 13 0 14 13 0 0 15 0 11 12 13 0 10 12 0 15 13 10 14 0 0 0 0 0 0 0 0 0 0 0 0 0 0 0 0 
0 13 0 0 15 0 12 12 16 12 14 14 14 16 14 14 0 0 15 15 14 0 0 13 0 0 0 15 15 15 0 15 14 0 0 16 0 13 13 14 0 12 14 0 16 14 11 15 0 0 0 0 0 0 0 0 0 0 0 0 0 0 0 0 
0 15 0 0 16 0 14 14 0 13 15 0 16 0 16 16 0 0 16 16 15 0 0 14 0 0 0 16 0 16 0 16 16 0 0 0 0 14 15 16 0 14 15 0 0 15 12 16 0 0 0 0 0 0 0 0 0 0 0 0 0 0 0 0 
0 16 0 0 0 0 15 15 0 15 16 0 0 0 0 0 0 0 0 0 16 0 0 15 0 0 0 0 0 0 0 0 0 0 0 0 0 15 16 0 0 15 0 0 0 16 13 0 0 0 0 0 0 0 0 0 0 0 0 0 0 0 0 0 
0 0 0 0 0 0 16 0 0 16 0 0 0 0 0 0 0 0 0 0 0 0 0 16 0 0 0 0 0 0 0 0 0 0 0 0 0 0 0 0 0 16 0 0 0 0 14 0 0 0 0 0 0 0 0 0 0 0 0 0 0 0 0 0 
0 0 0 0 0 0 0 0 0 0 0 0 0 0 0 0 0 0 0 0 0 0 0 0 0 0 0 0 0 0 0 0 0 0 0 0 0 0 0 0 0 0 0 0 0 0 15 0 0 0 0 0 0 0 0 0 0 0 0 0 0 0 0 0 
0 0 0 0 0 0 0 0 0 0 0 0 0 0 0 0 0 0 0 0 0 0 0 0 0 0 0 0 0 0 0 0 0 0 0 0 0 0 0 0 0 0 0 0 0 0 16 0 0 0 0 0 0 0 0 0 0 0 0 0 0 0 0 0 
1 9 49 58 64 
2 39 50 59 0 
3 6 51 57 63 
4 6 52 58 0 
5 20 53 57 0 
4 37 48 60 0 
7 36 49 59 62 
8 29 55 60 0 
9 14 55 60 0 
10 30 56 60 0 
11 31 48 61 64 
12 24 48 62 0 
13 40 57 61 0 
1 35 48 62 0 
15 32 55 63 0 
16 28 56 63 0 
17 28 55 64 0 
18 27 56 58 0 
19 31 56 61 63 
5 32 56 61 0 
21 43 51 59 64 
22 23 57 59 0 
22 44 48 58 0 
12 43 58 60 63 
25 38 53 59 63 
26 41 55 59 0 
18 44 59 60 61 
17 27 50 60 62 
29 42 57 60 64 
8 30 48 63 0 
19 38 55 62 64 
15 45 48 64 0 
20 33 55 63 0 
34 41 56 60 0 
14 45 57 58 0 
11 36 55 62 0 
34 37 57 62 0 
7 47 57 61 0 
2 46 56 62 0 
33 40 58 59 0 
3 35 56 59 0 
10 47 58 62 0 
21 46 55 61 0 
23 25 52 56 64 
13 39 48 64 0 
26 54 57 61 0 
24 42 58 61 0 
16 48 54 63 0 
49 50 51 52 53 54 55 56 57 58 59 60 61 62 63 64 
